0.15
0.283333
0.566667
2.95
3.183333
4.535
5.435
6.901667
7.568333
10.351667
12.77
12.786667
14.953333
19.353333
24.371667
24.388333
26.871667
26.955
26.971667
29.956667
30.215
32.656667
32.673333
32.69
36.191667
36.208333
36.225
36.475
38.125
39.391667
40.725
40.741667
40.758333
40.775
43.625
43.641667
43.658333
43.908333
51.343333
53.061667
53.745
74.265
76.95
78.566667
81.783333
82.033333
82.133333
86.051667
89.485
89.535
89.553333
93.436667
93.47
93.486667
93.528333
94.736667
99.053333
99.47
128.576667
130.026667
130.193333
138.711667
139.028333
139.178333
144.763333
153.265
154.898333
158.05
158.4
158.55
175.52
192.356667
198.208333
199.875
201.358333
201.758333
201.825
205.125
205.293333
218.378333
220.078333
221.663333
251.518333
252.751667
258.586667
259.153333
263.788333
266.388333
266.405
269.288333
269.571667
269.89
269.94
269.99
270.006667
270.04
270.073333
270.173333
270.456667
272.29
274.973333
275.523333
276.14
276.456667
276.506667
276.59
276.606667
276.64
276.673333
276.948333
277.206667
277.223333
277.24
277.406667
277.506667
278.358333
279.025
279.241667
279.591667
279.875
280.191667
280.208333
280.225
280.241667
280.258333
280.708333
280.808333
280.958333
280.975
280.991667
281.008333
281.058333
281.091667
283.308333
283.325
283.475
283.591667
302.113333
303.213333
312.965
331.585
335.52
345.921667
353.006667
427.605
428.238333
428.771667
431.29
432.256667
442.841667
443.641667
444.058333
461.061667
461.245
462.911667
463.13
465.18
465.313333
465.363333
467.446667
474.981667
475.181667
475.331667
475.665
476.915
477.548333
486
489.218333
503.588333
595.173333
603.741667
603.808333
603.891667
612.276667
615.26
625.813333
629.513333
638.048333
709.08
709.196667
709.263333
711.83
712.381667
713.065
713.381667
713.415
714.965
735.601667
735.901667
744.688333
744.805
745.305
751.438333
753.99
770.426667
772.693333
777.661667
780.628333
805.95
825.488333
830.021667
833.773333
834.406667
848.741667
853.276667
853.293333
853.318333
853.343333
853.368333
854.826667
854.843333
854.86
857.026667
857.043333
857.06
857.085
857.101667
859.195
860.528333
860.553333
866.546667
866.663333
866.746667
866.813333
867.43
867.546667
867.613333
867.696667
868.513333
868.696667
868.78
869.146667
869.23
869.313333
869.413333
875.948333
879.931667
917.973333
919.706667
920.273333
920.556667
920.906667
921.206667
921.59
921.756667
951.846667
1013.326667
1014.076667
1347.995
1348.88
1380.601667
1380.62
1380.651667
1380.676667
1380.693333
1380.71
1382.636667
1382.653333
1382.67
1382.845
1383.186667
1385.82
1385.836667
1385.92
1386.003333
1386.02
1386.103333
1389.855
1394.338333
1394.355
1396.238333
1396.271667
1396.338333
1396.59
1396.64
1396.723333
1397.023333
1397.073333
1397.106667
1397.14
1397.206667
1397.423333
1397.523333
1397.756667
1397.84
1398.056667
1399.19
1399.49
1400.223333
1400.706667
1401.09
1401.623333
1401.673333
1401.69
1402.79
1407.991667
1410.541667
1410.558333
1410.575
1411.391667
1411.408333
1411.425
1411.441667
1411.458333
