0.166667
0.3
0.566667
2.966667
3.2
4.566667
5.466667
6.933333
7.6
10.366667
11.233333
12.8
14.966667
15.833333
18.3
19.4
20.866667
20.9
21.666667
24.4
26.9
26.966667
27
27.033333
27.066667
27.1
30
30.033333
30.233333
32.7
32.733333
32.766667
32.8
32.833333
32.866667
36.2
36.233333
36.266667
36.5
38.133333
39.4
40.733333
40.766667
40.8
40.9
40.933333
41.033333
43.633333
43.666667
43.7
43.933333
51.366667
53.066667
53.766667
76.966667
78.566667
81.8
82.033333
82.133333
86.066667
89.5
89.566667
93.466667
93.5
93.533333
93.566667
94.766667
99.066667
99.5
128.6
130.033333
130.2
138.733333
139.033333
139.2
144.766667
153.266667
154.9
158.066667
158.4
158.566667
175.533333
198.233333
199.9
201.366667
201.766667
201.833333
205.133333
205.3
251.533333
258.6
263.8
266.4
266.433333
266.5
266.533333
269.3
269.6
269.733333
269.766667
269.9
269.933333
270
270.2
270.466667
272.3
275
275.533333
276.166667
276.5
276.533333
276.6
276.666667
277.533333
278.366667
278.4
279.266667
280.2
280.266667
280.966667
281
281.066667
281.1
281.133333
281.166667
283.333333
283.366667
283.6
303.033333
303.233333
312.966667
331.6
335.533333
345.933333
353.033333
427.633333
428.266667
428.8
431.3
432.266667
442.866667
443.666667
444.066667
461.066667
461.266667
462.933333
463.133333
465.2
465.333333
467.466667
475
475.2
475.333333
475.666667
476.933333
477.566667
486
489.233333
503.6
603.766667
603.833333
603.9
612.3
615.266667
625.833333
629.533333
638.066667
711.833333
712.4
713.066667
713.4
714.966667
735.633333
735.933333
751.466667
770.433333
777.666667
825.5
830.033333
833.8
834.433333
848.766667
853.3
853.333333
853.366667
854.833333
854.866667
854.9
854.933333
855
857.033333
857.066667
857.1
857.133333
857.833333
859.2
859.266667
860.533333
860.566667
860.6
860.633333
860.666667
866.566667
866.666667
867.433333
867.633333
867.7
868.8
869.166667
869.433333
875.966667
919.733333
920.3
920.566667
920.933333
921.233333
921.6
921.766667
1013.333333
1014.1
1348
1348.9
1380.633333
1380.7
1380.733333
1380.766667
1382.6
1382.633333
1382.666667
1382.7
1382.866667
1383.033333
1383.066667
1383.2
1385.833333
1385.866667
1386.133333
1389.866667
1392.433333
1394.366667
1394.4
1394.433333
1394.466667
1394.5
1395.233333
1395.433333
1396.266667
1396.3
1396.366667
1396.6
1396.666667
1396.733333
1397.033333
1397.1
1397.233333
1397.433333
1397.533333
1397.766667
1397.8
1397.866667
1398.066667
1399.2
1399.5
1400.233333
1400.666667
1400.733333
1401.1
1401.633333
1401.7
1401.733333
1401.766667
1402.8
1404.366667
1405.266667
1408
1410.566667
1410.6
1411.4
1411.433333
1411.466667
1411.5
