0.166667
0.3
0.566667
2.966667
3.2
4.566667
5.466667
7.6
10.366667
12.8
14.966667
24.4
26.9
26.966667
27
32.7
36.233333
36.266667
38.133333
39.4
40.766667
40.8
43.666667
43.7
53.066667
53.766667
82.033333
82.133333
89.5
89.566667
93.5
99.066667
99.5
139.033333
139.2
158.4
158.566667
201.766667
201.833333
205.133333
205.3
263.8
266.4
266.433333
270.2
270.466667
272.3
275
275.533333
276.166667
276.6
277.533333
279.266667
280.966667
281
283.333333
283.366667
345.933333
353.033333
428.266667
428.8
443.666667
444.066667
461.266667
462.933333
463.133333
465.2
467.466667
475
475.2
475.333333
475.666667
486
489.233333
603.766667
603.833333
711.833333
712.4
853.3
853.366667
854.866667
857.066667
857.1
860.533333
875.966667
1348
1348.9
1380.633333
1380.7
1380.733333
1382.666667
1382.7
1383.2
1385.833333
1385.866667
1389.866667
1394.366667
1394.4
1396.366667
1396.6
1396.666667
1396.733333
1397.033333
1397.1
1397.233333
1397.433333
1397.533333
1397.766667
1398.066667
1399.2
1400.233333
1400.733333
1401.1
1401.633333
1402.8
1411.4
1411.433333
1411.466667
